0.0108332
0.0108134
0.0107922
0.0107695
0.0107451
0.0107189
0.0106907
0.0106603
0.0106275
0.010592
0.0105535
0.0105117
0.0104661
0.0104165
0.0103621
0.0103025
0.0102368
0.0101644
0.010084
0.0099945
0.00989441
0.00978195
0.00965514
0.00951215
0.00935283
0.00918447
0.0090447
0.00909433
0.00970708
0.0107559
0.0120244
0.0134219
0.0147432
0.0155226
0.0159076
0.0161623
0.0163563
0.0165146
0.01665
0.0167705
0.0168813
0.0169864
0.0170888
0.0171909
0.0172948
0.0174023
0.017515
0.0176344
0.0177621
0.0178995
0.0180482
0.0182097
0.0183855
0.0185767
0.0187838
0.0190045
0.0192268
0.0193906
0.019138
0.0180046
0.0163919
0.0145379
0.0125723
0.0109595
0.0103058
0.0100986
0.0100334
0.0100169
0.0100195
0.0100328
0.0100599
0.0101204
0.0102804
0.0106435
0.0110642
0.0114485
0.0117895
0.0120913
0.0123594
0.0125982
0.0128118
0.0130036
0.0131763
0.0133324
0.0134738
0.0136021
0.0137189
0.0138251
0.013922
0.0140101
0.0140903
0.0141629
0.0142284
0.0142869
0.0143385
0.0143831
0.0144202
0.0144491
0.0144689
0.0144776
0.0144724
0.0144476
0.0143886
0.014246
0.0140027
0.0137502
0.0135211
0.0133189
0.0131411
0.0129842
0.0128451
0.0127214
0.0126108
0.0125115
0.0124221
0.0123413
0.012268
0.0122015
0.0121408
0.0120854
0.0120346
0.011988
0.0119452
0.0119057
0.0118692
0.0118355
0.0118043
0.0117753
0.0117484
0.0117234
0.0117
0.0116782
0.0116579
0.0116388
0.011621
0.0116043
