0.0390661
0.0388384
0.0385509
0.038181
0.0376954
0.037044
0.0361561
0.0349551
0.0335148
0.033036
0.0376969
0.0445831
0.0496729
0.053874
0.0578052
0.0618039
0.0661631
0.0712634
0.077747
0.0869412
0.101959
0.12459
0.142846
0.154565
0.162058
0.166979
0.170331
0.172724
0.174535
0.176009
0.177317
0.178593
0.179968
0.181591
0.183664
0.186489
0.190539
0.196558
0.205603
0.217526
0.211337
0.155047
0.116649
0.0971133
0.0855299
0.0776957
0.0718602
0.0671677
0.0631355
0.0594395
0.0557961
0.0520402
0.0488308
0.0466147
0.045129
0.0441063
0.0433779
0.0428423
0.0424375
0.0421244
0.0418773
