0.0397299
0.039541
0.0393253
0.0390777
0.0387913
0.0384577
0.038066
0.0376023
0.0370495
0.0363897
0.0356175
0.0348024
0.0343719
0.0355037
0.0381221
0.041742
0.0462066
0.0509734
0.0543507
0.0563782
0.0578575
0.0590511
0.0600647
0.0609556
0.0617614
0.0625095
0.0632222
0.0639188
0.064618
0.0653392
0.0661049
0.0669443
0.0678983
0.0690319
0.070458
0.0724005
0.0753778
0.0807446
0.0899276
0.0989319
0.10645
0.113046
0.119088
0.122972
0.121095
0.114689
0.104461
0.0903709
0.0757141
0.0681402
0.0647588
0.06302
0.062004
0.0613437
0.0608712
0.0605009
0.0601853
0.0598958
0.0596134
0.0593243
0.0590173
0.0586821
0.0583077
0.0578815
0.0573871
0.0568004
0.0560795
0.0551303
0.0537188
0.0519501
0.0503748
0.0490957
0.0480671
0.0472329
0.0465484
0.0459802
0.0455033
0.0450994
0.0447543
0.0444572
0.0441997
0.0439752
0.0437783
0.0436047
0.043451
0.0433144
