0.00522901
0.00521971
0.00520996
0.00519973
0.00518898
0.00517768
0.00516579
0.00515329
0.00514012
0.00512625
0.00511161
0.00509616
0.00507984
0.00506257
0.00504429
0.0050249
0.00500432
0.00498243
0.00495911
0.00493422
0.00490759
0.00487902
0.00484828
0.0048151
0.0047792
0.00474038
0.00469875
0.00465569
0.0046171
0.00460636
0.00470391
0.00495349
0.00526565
0.00561058
0.00598109
0.00637479
0.00679059
0.00722662
0.00767592
0.00811015
0.00842977
0.00857935
0.00867003
0.00874024
0.00880045
0.00885512
0.0089067
0.00895679
0.00900648
0.00905657
0.00910763
0.00916011
0.00921432
0.00927046
0.00932859
0.00938856
0.00944993
0.00951159
0.00957085
0.00961947
0.00961938
0.00943662
0.00909676
0.00869673
0.00826725
0.00781689
0.0073482
0.00686244
0.00636209
0.0058563
0.00539199
0.00513922
0.0050666
0.00505049
0.00505083
0.0050558
0.00506166
0.00506722
0.00507214
0.00507638
0.00508001
0.00508311
0.00508577
0.00508806
0.00509004
0.00509177
0.00509329
0.00509462
0.0050958
0.00509685
0.00509779
0.00509863
0.00509938
0.00510005
0.00510065
0.00510119
0.00510167
0.0051021
0.00510247
0.00510279
0.00510306
0.00510328
0.00510345
0.00510357
0.00510363
0.00510363
0.00510356
0.00510342
0.00510319
0.00510287
0.00510243
0.00510187
0.00510116
0.00510031
0.00509932
0.00509828
0.00509749
0.00509778
0.00510173
0.0051179
0.00517217
0.00526951
0.00537298
0.00547295
0.00556785
0.00565748
0.00574201
0.00582171
0.00589688
0.00596783
0.00603483
0.00609817
0.00615809
0.00621483
0.00626859
0.00631957
0.00636794
0.00641384
0.00645741
0.00649875
0.00653796
0.00657509
0.00661016
0.00664317
0.00667403
0.00670262
0.00672866
0.00675169
0.00677083
0.00678396
0.00678349
0.0067486
0.00669166
0.00663227
0.00657564
0.0065228
0.00647372
0.00642812
0.0063857
0.00634617
0.00630926
0.00627476
0.00624244
0.00621213
0.00618368
0.00615693
0.00613176
0.00610805
0.00608569
0.00606458
0.00604465
0.0060258
0.00600796
0.00599108
0.00597507
0.0059599
0.0059455
0.00593182
0.00591883
0.00590648
0.00589473
0.00588355
0.0058729
0.00586275
0.00585308
0.00584386
0.00583506
0.00582666
0.00581863
0.00581097
0.00580365
0.00579665
0.00578995
0.00578354
0.00577741
0.00577155
0.00576593
0.00576054
0.00575539
0.00575045
0.00574571
